# Tue 16:32:16 13-Oct-2020
begin	identify He_Ne_ThAr_bs[250,*]
	id	He_Ne_ThAr_bs
	task	identify
	image	He_Ne_ThAr_bs[250,*]
	units	Angstroms
	features	34
	        122.90 9221.75208   9224.498   4.0 1 1 AI(8)
	        149.84  9121.4002   9122.966   4.0 1 1 AI(1)
	        241.21 8780.91423   8780.622   4.0 1 1 NeI(27)
	        309.84 8525.20253   8521.441   4.0 1 1 AI(8)
	        378.90 8268.19577   8264.521   4.0 1 1 AI(8)
	        465.00 7948.49583   7948.175   4.0 1 1 AI(6)
	        548.91 7638.03982   7635.105   4.0 1 1 AI(1)
	        603.11  7438.2423   7438.899   4.0 1 1 NeI
	        618.17 7382.88769    7383.98   4.0 1 1 AI
	        646.67 7278.22422   7281.349   4.0 1 1 HeI
	        654.90 7248.03559   7245.167   4.0 1 1 NeI(3)
	        675.20 7173.67554   7173.939   4.0 1 1 NeI(6)
	        705.03 7064.62082   7065.188   4.0 1 1 HeI
	        714.20 7031.18471  7032.4127   4.0 1 1 NeI(1)
	        731.89 6966.66514    6965.43   4.0 1 1 AI(1)
	        741.91  6930.1931   6929.468   4.0 1 1 NeI(6)
	        801.10 6715.38562  6717.0428   4.0 1 1 NeI
	        834.13 6596.10372  6598.9529   4.0 1 1 NeI(6)
	        852.17 6531.12495  6532.8824   4.0 1 1 NeI
	        858.92 6506.82046  6506.5279   4.0 1 1 NeI(3)
	        887.90 6402.80178   6402.246   4.0 1 1 NeI(1)
	        894.20 6380.22026  6382.9914   4.0 1 1 NeI(3)
	        906.90 6334.77746  6334.4279   4.0 1 1 NeI(1)
	        925.89 6266.96408   6266.495   4.0 1 1 NeI(5)
	        961.08 6141.70948  6143.0623   4.0 1 1 NeI(1)
	        973.91 6096.22114   6096.163   4.0 1 1 NeI
	        979.96 6074.78702  6074.3377   4.0 1 1 NeI(3)
	        993.07 6028.38873  6029.9971   4.0 1 1 NeI(3)
	       1017.11   5943.535  5944.8342   4.0 1 1 NeI(1)
	       1035.84 5877.65005   5875.618   4.0 1 1 HeI
	       1042.99 5852.51096  5852.4878   4.0 1 1 NeI(6)
	       1284.94 5020.19642   5015.675   4.0 1 1 HeI
	       1450.01 4474.61171   4471.477   4.0 1 1 HeI
	       1636.05 3885.48667   3888.646   4.0 1 1 HeI
	function spline3
	order 1
	sample *
	naverage 1
	niterate 0
	low_reject 3.
	high_reject 3.
	grow 0.
	coefficients	8
		3.
		1.
		1.
		2102.
		2878.609026991473
		1629.367234144974
		278.9803064312827
		-189.194585522855

# Tue 16:33:36 13-Oct-2020
begin	identify He_Ne_ThAr_bs[240,*]
	id	He_Ne_ThAr_bs
	task	identify
	image	He_Ne_ThAr_bs[240,*]
	units	Angstroms
	features	32
	        122.93 9221.80342   9224.498   4.0 1 1 AI(8)
	        149.85 9121.38931   9122.966   4.0 1 1 AI(1)
	        241.24 8780.54632   8780.622   4.0 1 1 NeI(27)
	        309.82  8524.8845   8521.441   4.0 1 1 AI(8)
	        378.90 8267.73547   8264.521   4.0 1 1 AI(8)
	        463.94  7951.9106   7948.175   4.0 1 1 AI(6)
	        548.89 7637.60302   7635.105   4.0 1 1 AI(1)
	        603.12 7437.75297   7438.899   4.0 1 1 NeI
	        618.16 7382.47154    7383.98   4.0 1 1 AI
	        646.69 7277.74658   7281.349   4.0 1 1 HeI
	        654.91 7247.62771   7245.167   4.0 1 1 NeI(3)
	        675.25 7173.13163   7173.939   4.0 1 1 NeI(6)
	        705.06  7064.2028   7065.188   4.0 1 1 HeI
	        714.21  7030.8322  7032.4127   4.0 1 1 NeI(1)
	        731.92 6966.26783    6965.43   4.0 1 1 AI(1)
	        741.90 6929.97883   6929.468   4.0 1 1 NeI(6)
	        801.12 6715.15475  6717.0428   4.0 1 1 NeI
	        834.15  6595.8865  6598.9529   4.0 1 1 NeI(6)
	        852.19 6530.93766  6532.8824   4.0 1 1 NeI
	        858.94 6506.68851  6506.5279   4.0 1 1 NeI(3)
	        887.90  6402.7728   6402.246   4.0 1 1 NeI(1)
	        906.91 6334.74666  6334.4279   4.0 1 1 NeI(3)
	        925.90  6266.9497   6266.495   4.0 1 1 NeI(1)
	        961.03 6141.98401  6143.0623   4.0 1 1 NeI(5)
	        973.90 6096.34444   6096.163   4.0 1 1 NeI(1)
	        979.92  6075.0004  6074.3377   4.0 1 1 NeI
	        993.03 6028.62965  6029.9971   4.0 1 1 NeI(3)
	       1017.07 5943.84086  5944.8342   4.0 1 1 NeI(3)
	       1035.86    5877.75   5875.618   4.0 1 1 NeI(1)
	       1042.95 5852.84227  5852.4878   4.0 1 1 HeI
	       1448.84 4478.37337   4471.477   4.0 1 1 NeI(6)
	       1636.07 3884.57241   3888.646   4.0 1 1 HeI
	function spline3
	order 1
	sample *
	naverage 1
	niterate 0
	low_reject 3.
	high_reject 3.
	grow 0.
	coefficients	8
		3.
		1.
		1.
		2102.
		2885.984193140736
		1627.063550323042
		281.6604316455108
		-203.7225415807535

# Tue 16:33:36 13-Oct-2020
begin	identify He_Ne_ThAr_bs[230,*]
	id	He_Ne_ThAr_bs
	task	identify
	image	He_Ne_ThAr_bs[230,*]
	units	Angstroms
	features	31
	        122.96 9221.60363   9224.498   4.0 1 1 AI(8)
	        149.85 9121.38328   9122.966   4.0 1 1 AI(1)
	        241.22 8780.68302   8780.622   4.0 1 1 NeI(27)
	        309.85 8524.88784   8521.441   4.0 1 1 AI(8)
	        378.90 8267.83234   8264.521   4.0 1 1 AI(8)
	        463.94 7951.98767   7948.175   4.0 1 1 AI(6)
	        548.89 7637.64165   7635.105   4.0 1 1 AI(1)
	        603.11 7437.83581   7438.899   4.0 1 1 NeI
	        618.21 7382.31614    7383.98   4.0 1 1 AI
	        646.73 7277.59671   7281.349   4.0 1 1 HeI
	        654.92 7247.54095   7245.167   4.0 1 1 NeI(3)
	        675.24 7173.13808   7173.939   4.0 1 1 NeI(6)
	        705.08  7064.0575   7065.188   4.0 1 1 HeI
	        714.21 7030.76549  7032.4127   4.0 1 1 NeI(1)
	        731.88 6966.37109    6965.43   4.0 1 1 AI(1)
	        741.92 6929.82328   6929.468   4.0 1 1 NeI(6)
	        834.13 6595.84112  6598.9529   4.0 1 1 NeI
	        852.17 6530.88984  6532.8824   4.0 1 1 NeI(6)
	        858.93 6506.59977  6506.5279   4.0 1 1 NeI
	        887.90 6402.62997   6402.246   4.0 1 1 NeI(3)
	        906.90 6334.65015  6334.4279   4.0 1 1 NeI(1)
	        925.90 6266.81061   6266.495   4.0 1 1 NeI(3)
	        961.12 6141.54612  6143.0623   4.0 1 1 NeI(1)
	        973.87 6096.30928   6096.163   4.0 1 1 NeI(5)
	        979.97 6074.73387  6074.3377   4.0 1 1 NeI(1)
	        993.09 6028.33532  6029.9971   4.0 1 1 NeI
	       1017.09 5943.67726  5944.8342   4.0 1 1 NeI(3)
	       1035.86 5877.65847   5875.618   4.0 1 1 NeI(3)
	       1043.00 5852.60352  5852.4878   4.0 1 1 NeI(1)
	       1448.82 4479.56238   4471.477   4.0 1 1 HeI
	       1637.06 3884.00372   3888.646   4.0 1 1 NeI(6)
	function spline3
	order 1
	sample *
	naverage 1
	niterate 0
	low_reject 3.
	high_reject 3.
	grow 0.
	coefficients	8
		3.
		1.
		1.
		2102.
		2881.819516105418
		1628.491195959603
		279.7256090886652
		-188.4179373273365

# Tue 16:33:36 13-Oct-2020
begin	identify He_Ne_ThAr_bs[220,*]
	id	He_Ne_ThAr_bs
	task	identify
	image	He_Ne_ThAr_bs[220,*]
	units	Angstroms
	features	30
	        122.93 9221.62852   9224.498   4.0 1 1 AI(8)
	        149.84 9121.43317   9122.966   4.0 1 1 AI(1)
	        241.26 8780.87592   8780.622   4.0 1 1 NeI(27)
	        309.82   8525.482   8521.441   4.0 1 1 AI(8)
	        378.88  8268.4999   8264.521   4.0 1 1 AI(8)
	        465.06 7948.53408   7948.175   4.0 1 1 AI(6)
	        548.90 7638.32367   7635.105   4.0 1 1 AI(1)
	        603.14 7438.39607   7438.899   4.0 1 1 NeI
	        618.17  7383.1224    7383.98   4.0 1 1 AI
	        646.70 7278.34155   7281.349   4.0 1 1 HeI
	        656.06 7244.00606   7245.167   4.0 1 1 NeI(3)
	        675.15 7174.09082   7173.939   4.0 1 1 NeI(6)
	        705.08 7064.64947   7065.188   4.0 1 1 HeI
	        714.21 7031.35696  7032.4127   4.0 1 1 NeI(1)
	        731.87 6966.95794    6965.43   4.0 1 1 AI(1)
	        741.88  6930.5186   6929.468   4.0 1 1 NeI(6)
	        834.16 6596.13913  6598.9529   4.0 1 1 NeI
	        852.15 6531.32427  6532.8824   4.0 1 1 NeI(6)
	        859.88 6503.49779  6506.5279   4.0 1 1 NeI
	        887.89 6402.93776   6402.246   4.0 1 1 NeI(3)
	        906.89  6334.9361  6334.4279   4.0 1 1 NeI(1)
	        925.89 6267.04881   6266.495   4.0 1 1 NeI(3)
	        961.11 6141.69446  6143.0623   4.0 1 1 NeI(1)
	        973.89 6096.33918   6096.163   4.0 1 1 NeI(5)
	        980.05 6074.49999  6074.3377   4.0 1 1 NeI(1)
	       1017.08 5943.66638  5944.8342   4.0 1 1 NeI
	       1035.88 5877.51051   5875.618   4.0 1 1 NeI(3)
	       1042.96 5852.63351  5852.4878   4.0 1 1 NeI(3)
	       1448.87 4478.13456   4471.477   4.0 1 1 NeI(1)
	       1636.25 3884.73922   3888.646   4.0 1 1 HeI
	function spline3
	order 1
	sample *
	naverage 1
	niterate 0
	low_reject 3.
	high_reject 3.
	grow 0.
	coefficients	8
		3.
		1.
		1.
		2102.
		2876.444163446509
		1630.02177667746
		278.3057889218325
		-186.514855351064

# Tue 16:33:36 13-Oct-2020
begin	identify He_Ne_ThAr_bs[210,*]
	id	He_Ne_ThAr_bs
	task	identify
	image	He_Ne_ThAr_bs[210,*]
	units	Angstroms
	features	30
	        122.94  9221.5999   9224.498   4.0 1 1 AI(8)
	        149.83 9121.47187   9122.966   4.0 1 1 AI(1)
	        241.30 8780.70893   8780.622   4.0 1 1 NeI(27)
	        309.84 8525.43181   8521.441   4.0 1 1 AI(8)
	        378.87 8268.58581   8264.521   4.0 1 1 AI(8)
	        465.04  7948.6445   7948.175   4.0 1 1 AI(6)
	        548.91 7638.37056   7635.105   4.0 1 1 AI(1)
	        603.12 7438.59932   7438.899   4.0 1 1 NeI
	        618.19 7383.15935    7383.98   4.0 1 1 AI
	        646.73 7278.39325   7281.349   4.0 1 1 HeI
	        656.10 7244.00912   7245.167   4.0 1 1 NeI(3)
	        675.16 7174.21605   7173.939   4.0 1 1 NeI(6)
	        705.09 7064.78672   7065.188   4.0 1 1 HeI
	        714.20 7031.55702  7032.4127   4.0 1 1 NeI(1)
	        731.91 6966.98194    6965.43   4.0 1 1 AI(1)
	        741.89  6930.6562   6929.468   4.0 1 1 NeI(6)
	        834.16 6596.34207  6598.9529   4.0 1 1 NeI
	        852.16 6531.47521  6532.8824   4.0 1 1 NeI(6)
	        859.92 6503.56187  6506.5279   4.0 1 1 NeI
	        888.99 6399.20769   6402.246   4.0 1 1 NeI(3)
	        906.90 6335.11487  6334.4279   4.0 1 1 NeI(1)
	        925.92  6267.1834   6266.495   4.0 1 1 NeI(3)
	        961.05 6142.12419  6143.0623   4.0 1 1 NeI(1)
	        973.89  6096.5573   6096.163   4.0 1 1 NeI(5)
	        979.98 6074.96864  6074.3377   4.0 1 1 NeI(1)
	       1017.01 5944.15207  5944.8342   4.0 1 1 NeI
	       1035.86 5877.79675   5875.618   4.0 1 1 NeI(3)
	       1042.96 5852.87505  5852.4878   4.0 1 1 NeI(3)
	       1448.87 4478.08859   4471.477   4.0 1 1 NeI(1)
	       1636.14 3884.69875   3888.646   4.0 1 1 HeI
	function spline3
	order 1
	sample *
	naverage 1
	niterate 0
	low_reject 3.
	high_reject 3.
	grow 0.
	coefficients	8
		3.
		1.
		1.
		2102.
		2877.397321873167
		1629.650062074823
		278.896133446597
		-190.6455494694963

# Tue 16:33:36 13-Oct-2020
begin	identify He_Ne_ThAr_bs[200,*]
	id	He_Ne_ThAr_bs
	task	identify
	image	He_Ne_ThAr_bs[200,*]
	units	Angstroms
	features	30
	        123.03  9221.0823   9224.498   4.0 1 1 AI(8)
	        149.85 9121.35499   9122.966   4.0 1 1 AI(1)
	        241.25 8781.19499   8780.622   4.0 1 1 NeI(27)
	        309.84 8525.89437   8521.441   4.0 1 1 AI(8)
	        378.86 8269.16576   8264.521   4.0 1 1 AI(8)
	        465.10 7949.00946   7948.175   4.0 1 1 AI(6)
	        549.84  7635.4504   7635.105   4.0 1 1 AI(1)
	        603.14 7438.95345   7438.899   4.0 1 1 NeI
	        618.19 7383.56095    7383.98   4.0 1 1 AI
	        646.75 7278.64737   7281.349   4.0 1 1 HeI
	        656.12 7244.29909   7245.167   4.0 1 1 NeI(3)
	        675.21 7174.34098   7173.939   4.0 1 1 NeI(6)
	        705.11  7064.9697   7065.188   4.0 1 1 HeI
	        714.23 7031.66063  7032.4127   4.0 1 1 NeI(1)
	        731.90 6967.22464    6965.43   4.0 1 1 AI(1)
	        741.87 6930.92531   6929.468   4.0 1 1 NeI(6)
	        834.17 6596.32116  6598.9529   4.0 1 1 NeI
	        852.08   6531.777  6532.8824   4.0 1 1 NeI(6)
	        859.98 6503.35544  6506.5279   4.0 1 1 NeI
	        889.02 6399.06132   6402.246   4.0 1 1 NeI(3)
	        906.89 6335.05401  6334.4279   4.0 1 1 NeI(1)
	        925.90 6267.13368   6266.495   4.0 1 1 NeI(3)
	        960.97  6142.2608  6143.0623   4.0 1 1 NeI(1)
	        973.88  6096.4384   6096.163   4.0 1 1 NeI(5)
	        979.95 6074.91306  6074.3377   4.0 1 1 NeI(1)
	       1017.07 5943.74656  5944.8342   4.0 1 1 NeI
	       1035.89 5877.50859   5875.618   4.0 1 1 NeI(3)
	       1042.94  5852.7366  5852.4878   4.0 1 1 NeI(3)
	       1448.88 4479.05545   4471.477   4.0 1 1 NeI(1)
	       1637.21 3884.22235   3888.646   4.0 1 1 HeI
	function spline3
	order 1
	sample *
	naverage 1
	niterate 0
	low_reject 3.
	high_reject 3.
	grow 0.
	coefficients	8
		3.
		1.
		1.
		2102.
		2867.489057623872
		1632.858830690926
		274.9400514224559
		-165.1888050627199

# Tue 16:33:36 13-Oct-2020
begin	identify He_Ne_ThAr_bs[190,*]
	id	He_Ne_ThAr_bs
	task	identify
	image	He_Ne_ThAr_bs[190,*]
	units	Angstroms
	features	30
	        123.06 9221.26862   9224.498   4.0 1 1 AI(8)
	        149.87 9121.48473   9122.966   4.0 1 1 AI(1)
	        241.21 8781.34962   8780.622   4.0 1 1 NeI(27)
	        309.84 8525.73337   8521.441   4.0 1 1 AI(8)
	        378.86  8268.8815   8264.521   4.0 1 1 AI(8)
	        465.08 7948.67641   7948.175   4.0 1 1 AI(6)
	        549.91 7634.69331   7635.105   4.0 1 1 AI(1)
	        603.14 7438.43172   7438.899   4.0 1 1 NeI
	        618.22 7382.94855    7383.98   4.0 1 1 AI
	        646.79 7277.96166   7281.349   4.0 1 1 HeI
	        654.93  7248.1094   7245.167   4.0 1 1 NeI(3)
	        675.24 7173.67597   7173.939   4.0 1 1 NeI(6)
	        705.09 7064.48033   7065.188   4.0 1 1 HeI
	        714.20 7031.21256  7032.4127   4.0 1 1 NeI(1)
	        731.87 6966.78153    6965.43   4.0 1 1 AI(1)
	        741.86 6930.37962   6929.468   4.0 1 1 NeI(6)
	        834.14 6595.88552  6598.9529   4.0 1 1 NeI
	        852.08 6531.23149  6532.8824   4.0 1 1 NeI(6)
	        858.90  6506.6784  6506.5279   4.0 1 1 NeI
	        887.89 6402.57899   6402.246   4.0 1 1 NeI(3)
	        906.90 6334.48151  6334.4279   4.0 1 1 NeI(1)
	        925.89 6266.64172   6266.495   4.0 1 1 NeI(3)
	        961.02 6141.58679  6143.0623   4.0 1 1 NeI(1)
	        973.89 6095.89415   6096.163   4.0 1 1 NeI(5)
	        979.95 6074.41204  6074.3377   4.0 1 1 NeI(1)
	       1017.01 5943.45826  5944.8342   4.0 1 1 NeI
	       1035.92 5876.93817   5875.618   4.0 1 1 NeI(3)
	       1043.00 5852.06109  5852.4878   4.0 1 1 NeI(3)
	       1448.83   4479.025   4471.477   4.0 1 1 NeI(1)
	       1637.12 3884.37677   3888.646   4.0 1 1 HeI
	function spline3
	order 1
	sample *
	naverage 1
	niterate 0
	low_reject 3.
	high_reject 3.
	grow 0.
	coefficients	8
		3.
		1.
		1.
		2102.
		2870.88277924837
		1632.045903426865
		275.5293865312264
		-167.1516222066271

# Tue 16:33:36 13-Oct-2020
begin	identify He_Ne_ThAr_bs[180,*]
	id	He_Ne_ThAr_bs
	task	identify
	image	He_Ne_ThAr_bs[180,*]
	units	Angstroms
	features	30
	        124.04  9219.3704   9224.498   4.0 1 1 AI(8)
	        149.91 9122.91431   9122.966   4.0 1 1 AI(1)
	        241.34 8781.82018   8780.622   4.0 1 1 NeI(27)
	        309.87 8526.20378   8521.441   4.0 1 1 AI(8)
	        378.88 8269.15427   8264.521   4.0 1 1 AI(8)
	        465.07 7948.84148   7948.175   4.0 1 1 AI(6)
	        549.99 7634.42472   7635.105   4.0 1 1 AI(1)
	        603.12 7438.45025   7438.899   4.0 1 1 NeI
	        618.26 7382.75584    7383.98   4.0 1 1 AI
	        646.87 7277.64147   7281.349   4.0 1 1 HeI
	        654.95 7247.98868   7245.167   4.0 1 1 NeI(3)
	        675.30 7173.42307   7173.939   4.0 1 1 NeI(6)
	        705.13 7064.33939   7065.188   4.0 1 1 HeI
	        714.31 7030.81503  7032.4127   4.0 1 1 NeI(1)
	        731.90 6966.67735    6965.43   4.0 1 1 AI(1)
	        741.91 6930.21379   6929.468   4.0 1 1 NeI(6)
	        834.16 6595.92737  6598.9529   4.0 1 1 NeI
	        852.12 6531.20397  6532.8824   4.0 1 1 NeI(6)
	        858.90 6506.80395  6506.5279   4.0 1 1 NeI
	        887.92 6402.63896   6402.246   4.0 1 1 NeI(3)
	        906.90 6334.69373  6334.4279   4.0 1 1 NeI(1)
	        925.92  6266.7574   6266.495   4.0 1 1 NeI(3)
	        960.79 6142.66476  6143.0623   4.0 1 1 NeI(1)
	        973.88 6096.22318   6096.163   4.0 1 1 NeI(5)
	        979.99 6074.57691  6074.3377   4.0 1 1 NeI(1)
	       1016.96 5944.00641  5944.8342   4.0 1 1 NeI
	       1035.95  5877.2126   5875.618   4.0 1 1 NeI(3)
	       1043.69   5850.047  5852.4878   4.0 1 1 NeI(3)
	       1448.91  4479.3286   4471.477   4.0 1 1 NeI(1)
	       1637.20 3884.19994   3888.646   4.0 1 1 HeI
	function spline3
	order 1
	sample *
	naverage 1
	niterate 0
	low_reject 3.
	high_reject 3.
	grow 0.
	coefficients	8
		3.
		1.
		1.
		2102.
		2881.553501065556
		1629.384499900998
		278.4428697807521
		-180.277738742809

# Tue 16:33:36 13-Oct-2020
begin	identify He_Ne_ThAr_bs[170,*]
	id	He_Ne_ThAr_bs
	task	identify
	image	He_Ne_ThAr_bs[170,*]
	units	Angstroms
	features	30
	        124.05 9219.27927   9224.498   4.0 1 1 AI(8)
	        149.92 9122.78816   9122.966   4.0 1 1 AI(1)
	        241.25 8781.96465   8780.622   4.0 1 1 NeI(27)
	        309.91  8525.8921   8521.441   4.0 1 1 AI(8)
	        378.84 8269.07482   8264.521   4.0 1 1 AI(8)
	        465.11 7948.48256   7948.175   4.0 1 1 AI(6)
	        548.91 7638.17677   7635.105   4.0 1 1 AI(1)
	        603.15 7438.15768   7438.899   4.0 1 1 NeI
	        618.26  7382.5629    7383.98   4.0 1 1 AI
	        646.89 7277.40013   7281.349   4.0 1 1 HeI
	        654.96 7247.80611   7245.167   4.0 1 1 NeI(3)
	        675.73 7171.66834   7173.939   4.0 1 1 NeI(6)
	        705.13 7064.17155   7065.188   4.0 1 1 HeI
	        714.27 7030.80349  7032.4127   4.0 1 1 NeI(1)
	        731.93 6966.40691    6965.43   4.0 1 1 AI(1)
	        741.87  6930.2129   6929.468   4.0 1 1 NeI(6)
	        834.18 6595.72677  6598.9529   4.0 1 1 NeI
	        852.11 6531.15534  6532.8824   4.0 1 1 NeI(6)
	        858.92 6506.62725  6506.5279   4.0 1 1 NeI
	        887.91 6402.57016   6402.246   4.0 1 1 NeI(3)
	        906.92 6334.51954  6334.4279   4.0 1 1 NeI(1)
	        925.93 6266.63664   6266.495   4.0 1 1 NeI(3)
	        960.96 6141.98685  6143.0623   4.0 1 1 NeI(1)
	        973.90 6096.11363   6096.163   4.0 1 1 NeI(5)
	        979.97  6074.5948  6074.3377   4.0 1 1 NeI(1)
	       1016.95 5943.99213  5944.8342   4.0 1 1 NeI
	       1035.99 5877.04995   5875.618   4.0 1 1 NeI(3)
	       1043.08 5852.13163  5852.4878   4.0 1 1 NeI(3)
	       1448.90 4479.23957   4471.477   4.0 1 1 NeI(1)
	       1637.10  3884.1262   3888.646   4.0 1 1 HeI
	function spline3
	order 1
	sample *
	naverage 1
	niterate 0
	low_reject 3.
	high_reject 3.
	grow 0.
	coefficients	8
		3.
		1.
		1.
		2102.
		2883.248758241654
		1628.820182065997
		279.0812957595945
		-184.0150836759279

# Tue 16:33:36 13-Oct-2020
begin	identify He_Ne_ThAr_bs[160,*]
	id	He_Ne_ThAr_bs
	task	identify
	image	He_Ne_ThAr_bs[160,*]
	units	Angstroms
	features	30
	        124.11 9219.18065   9224.498   4.0 1 1 AI(8)
	        149.91 9122.91407   9122.966   4.0 1 1 AI(1)
	        241.31 8781.78114   8780.622   4.0 1 1 NeI(27)
	        309.88 8525.97789   8521.441   4.0 1 1 AI(8)
	        378.86 8269.00661   8264.521   4.0 1 1 AI(8)
	        465.09 7948.52885   7948.175   4.0 1 1 AI(6)
	        548.89 7638.27268   7635.105   4.0 1 1 AI(1)
	        603.18 7438.08671   7438.899   4.0 1 1 NeI
	        618.26 7382.60388    7383.98   4.0 1 1 AI
	        646.93 7277.31957   7281.349   4.0 1 1 HeI
	        654.97  7247.8049   7245.167   4.0 1 1 NeI(3)
	        675.58 7172.30443   7173.939   4.0 1 1 NeI(6)
	        705.13 7064.27156   7065.188   4.0 1 1 HeI
	        714.28 7030.88164  7032.4127   4.0 1 1 NeI(1)
	        731.92 6966.55086    6965.43   4.0 1 1 AI(1)
	        741.87 6930.34272   6929.468   4.0 1 1 NeI(6)
	        834.14 6596.03401  6598.9529   4.0 1 1 NeI
	        852.05 6531.54172  6532.8824   4.0 1 1 NeI(6)
	        858.92 6506.83109  6506.5279   4.0 1 1 NeI
	        889.11 6398.49006   6402.246   4.0 1 1 NeI(3)
	        906.91 6334.79105  6334.4279   4.0 1 1 NeI(1)
	        925.91 6266.94551   6266.495   4.0 1 1 NeI(3)
	        960.93 6142.35078  6143.0623   4.0 1 1 NeI(1)
	        973.89 6096.39119   6096.163   4.0 1 1 NeI(5)
	        979.98 6074.79823  6074.3377   4.0 1 1 NeI(1)
	       1016.98 5944.14144  5944.8342   4.0 1 1 NeI
	       1035.98 5877.34184   5875.618   4.0 1 1 NeI(3)
	       1043.07 5852.45221  5852.4878   4.0 1 1 NeI(3)
	       1448.89 4479.36804   4471.477   4.0 1 1 NeI(1)
	       1637.06 3884.01349   3888.646   4.0 1 1 HeI
	function spline3
	order 1
	sample *
	naverage 1
	niterate 0
	low_reject 3.
	high_reject 3.
	grow 0.
	coefficients	8
		3.
		1.
		1.
		2102.
		2885.65955382384
		1628.052898907057
		280.0838926634142
		-189.6755226472619

# Tue 16:33:36 13-Oct-2020
begin	identify He_Ne_ThAr_bs[150,*]
	id	He_Ne_ThAr_bs
	task	identify
	image	He_Ne_ThAr_bs[150,*]
	units	Angstroms
	features	30
	        124.07  9219.4287   9224.498   4.0 1 1 AI(8)
	        149.96 9122.79508   9122.966   4.0 1 1 AI(1)
	        241.29 8781.85058   8780.622   4.0 1 1 NeI(27)
	        309.92 8525.77563   8521.441   4.0 1 1 AI(8)
	        378.86 8268.90823   8264.521   4.0 1 1 AI(8)
	        465.12 7948.29197   7948.175   4.0 1 1 AI(6)
	        548.89 7638.17322   7635.105   4.0 1 1 AI(1)
	        603.18 7437.97169   7438.899   4.0 1 1 NeI
	        618.25 7382.54562    7383.98   4.0 1 1 AI
	        646.98   7277.003   7281.349   4.0 1 1 HeI
	        654.97 7247.69798   7245.167   4.0 1 1 NeI(3)
	        675.12 7173.89975   7173.939   4.0 1 1 NeI(6)
	        705.15 7064.09117   7065.188   4.0 1 1 HeI
	        714.22 7030.99236  7032.4127   4.0 1 1 NeI(1)
	        731.89 6966.56575    6965.43   4.0 1 1 AI(1)
	        741.88 6930.21029   6929.468   4.0 1 1 NeI(6)
	        834.16 6595.93413  6598.9529   4.0 1 1 NeI
	        852.02 6531.60953  6532.8824   4.0 1 1 NeI(6)
	        858.94 6506.69278  6506.5279   4.0 1 1 NeI
	        889.13 6398.38435   6402.246   4.0 1 1 NeI(3)
	        906.91 6334.74983  6334.4279   4.0 1 1 NeI(1)
	        925.91 6266.90612   6266.495   4.0 1 1 NeI(3)
	        960.92 6142.37911  6143.0623   4.0 1 1 NeI(1)
	        973.88 6096.40504   6096.163   4.0 1 1 NeI(5)
	        980.00 6074.75447  6074.3377   4.0 1 1 NeI(1)
	       1016.93 5944.34259  5944.8342   4.0 1 1 NeI
	       1036.00 5877.27325   5875.618   4.0 1 1 NeI(3)
	       1043.11  5852.3143  5852.4878   4.0 1 1 NeI(3)
	       1448.94 4479.30347   4471.477   4.0 1 1 NeI(1)
	       1637.04 3884.06881   3888.646   4.0 1 1 HeI
	function spline3
	order 1
	sample *
	naverage 1
	niterate 0
	low_reject 3.
	high_reject 3.
	grow 0.
	coefficients	8
		3.
		1.
		1.
		2102.
		2887.288073135798
		1627.58608505572
		280.5856078731564
		-191.9050122299147

# Tue 16:33:36 13-Oct-2020
begin	identify He_Ne_ThAr_bs[140,*]
	id	He_Ne_ThAr_bs
	task	identify
	image	He_Ne_ThAr_bs[140,*]
	units	Angstroms
	features	29
	        124.04 9220.35598   9224.498   4.0 1 1 AI(8)
	        150.02 9123.25595   9122.966   4.0 1 1 AI(1)
	        241.37 8781.94513   8780.622   4.0 1 1 NeI(27)
	        311.09 8521.73185   8521.441   4.0 1 1 AI(8)
	        378.87 8269.18417   8264.521   4.0 1 1 AI(8)
	        465.14 7948.65031   7948.175   4.0 1 1 AI(6)
	        548.89 7638.77272   7635.105   4.0 1 1 AI(1)
	        603.18 7438.70832   7438.899   4.0 1 1 NeI
	        618.26 7383.29493    7383.98   4.0 1 1 AI
	        647.04 7277.65166   7281.349   4.0 1 1 HeI
	        655.03 7248.37642   7245.167   4.0 1 1 NeI(3)
	        675.16 7174.69126   7173.939   4.0 1 1 NeI(6)
	        705.15  7065.1536   7065.188   4.0 1 1 HeI
	        714.25 7031.95645  7032.4127   4.0 1 1 NeI(1)
	        733.11 6963.28043    6965.43   4.0 1 1 AI(1)
	        741.91 6931.26866   6929.468   4.0 1 1 NeI(6)
	        834.17 6597.32429  6598.9529   4.0 1 1 NeI
	        860.09 6504.10946  6506.5279   4.0 1 1 NeI(6)
	        889.10 6400.09013   6402.246   4.0 1 1 NeI
	        908.07 6332.27857  6334.4279   4.0 1 1 NeI(3)
	        927.10 6264.41199   6266.495   4.0 1 1 NeI(1)
	        960.90 6144.24402  6143.0623   4.0 1 1 NeI(3)
	        974.99 6094.29806   6096.163   4.0 1 1 NeI(1)
	        981.10 6072.67728  6074.3377   4.0 1 1 NeI(5)
	       1016.94 5946.20423  5944.8342   4.0 1 1 NeI(1)
	       1036.09 5878.91053   5875.618   4.0 1 1 NeI
	       1043.84  5851.7095  5852.4878   4.0 1 1 NeI(3)
	       1448.94  4480.2835   4471.477   4.0 1 1 NeI(3)
	       1636.89   3883.617   3888.646   4.0 1 1 NeI(1)
	function spline3
	order 1
	sample *
	naverage 1
	niterate 0
	low_reject 3.
	high_reject 3.
	grow 0.
	coefficients	8
		3.
		1.
		1.
		2102.
		2897.963219791268
		1624.071653644396
		285.5432512614943
		-220.1387191562542

# Tue 16:33:36 13-Oct-2020
begin	identify He_Ne_ThAr_bs[130,*]
	id	He_Ne_ThAr_bs
	task	identify
	image	He_Ne_ThAr_bs[130,*]
	units	Angstroms
	features	29
	        124.02 9219.87322   9224.498   4.0 1 1 AI(8)
	        150.10 9122.70075   9122.966   4.0 1 1 AI(1)
	        241.33 8782.61503   8780.622   4.0 1 1 NeI(27)
	        311.10  8522.5586   8521.441   4.0 1 1 AI(8)
	        378.89 8270.17965   8264.521   4.0 1 1 AI(8)
	        465.14 7949.80518   7948.175   4.0 1 1 AI(6)
	        550.06 7635.50546   7635.105   4.0 1 1 AI(1)
	        603.15 7439.77925   7438.899   4.0 1 1 NeI
	        618.29  7384.0658    7383.98   4.0 1 1 AI
	        647.08  7278.3405   7281.349   4.0 1 1 HeI
	        656.08 7245.30935   7245.167   4.0 1 1 NeI(3)
	        675.92 7172.61815   7173.939   4.0 1 1 NeI(6)
	        705.13 7065.82513   7065.188   4.0 1 1 HeI
	        714.19 7032.73841  7032.4127   4.0 1 1 NeI(1)
	        733.08 6963.86392    6965.43   4.0 1 1 AI(1)
	        741.89 6931.78994   6929.468   4.0 1 1 NeI(6)
	        834.15 6597.46227  6598.9529   4.0 1 1 NeI
	        860.10 6504.00319  6506.5279   4.0 1 1 NeI(6)
	        889.12 6399.81415   6402.246   4.0 1 1 NeI
	        908.07 6331.97602  6334.4279   4.0 1 1 NeI(3)
	        927.11 6263.99063   6266.495   4.0 1 1 NeI(1)
	        960.88 6143.78636  6143.0623   4.0 1 1 NeI(3)
	        973.92  6097.4958   6096.163   4.0 1 1 NeI(1)
	        981.09 6072.10011  6074.3377   4.0 1 1 NeI(5)
	       1016.92 5945.50552  5944.8342   4.0 1 1 NeI(1)
	       1036.11 5878.00126   5875.618   4.0 1 1 NeI
	       1043.13 5853.34828  5852.4878   4.0 1 1 NeI(3)
	       1448.96 4479.41951   4471.477   4.0 1 1 NeI(3)
	       1637.08 3883.96499   3888.646   4.0 1 1 NeI(1)
	function spline3
	order 1
	sample *
	naverage 1
	niterate 0
	low_reject 3.
	high_reject 3.
	grow 0.
	coefficients	8
		3.
		1.
		1.
		2102.
		2879.280400634583
		1629.876544501972
		278.7432322655282
		-185.6910442898054

# Tue 16:33:36 13-Oct-2020
begin	identify He_Ne_ThAr_bs[120,*]
	id	He_Ne_ThAr_bs
	task	identify
	image	He_Ne_ThAr_bs[120,*]
	units	Angstroms
	features	29
	        123.92 9220.66261   9224.498   4.0 1 1 AI(8)
	        150.22 9122.55582   9122.966   4.0 1 1 AI(1)
	        241.50 8781.99699   8780.622   4.0 1 1 NeI(27)
	        311.15 8522.26932   8521.441   4.0 1 1 AI(8)
	        378.90 8269.94495   8264.521   4.0 1 1 AI(8)
	        465.15 7949.48551   7948.175   4.0 1 1 AI(6)
	        550.08 7635.12056   7635.105   4.0 1 1 AI(1)
	        603.22 7439.21927   7438.899   4.0 1 1 NeI
	        618.31 7383.72394    7383.98   4.0 1 1 AI
	        647.20 7277.59625   7281.349   4.0 1 1 HeI
	        655.15 7248.43714   7245.167   4.0 1 1 NeI(3)
	        674.99 7175.75361   7173.939   4.0 1 1 NeI(6)
	        705.09 7065.72201   7065.188   4.0 1 1 HeI
	        714.73 7030.54084  7032.4127   4.0 1 1 NeI(1)
	        733.11 6963.54042    6965.43   4.0 1 1 AI(1)
	        741.90 6931.52104   6929.468   4.0 1 1 NeI(6)
	        834.14 6597.35067  6598.9529   4.0 1 1 NeI
	        860.10 6503.90263  6506.5279   4.0 1 1 NeI(6)
	        889.14 6399.66501   6402.246   4.0 1 1 NeI
	        908.09 6331.85252  6334.4279   4.0 1 1 NeI(3)
	        927.13  6263.8929   6266.495   4.0 1 1 NeI(1)
	        960.89 6143.75181  6143.0623   4.0 1 1 NeI(3)
	        973.93 6097.52429   6096.163   4.0 1 1 NeI(1)
	        981.13 6072.00437  6074.3377   4.0 1 1 NeI(5)
	       1016.90 5945.66653  5944.8342   4.0 1 1 NeI(1)
	       1036.21 5877.74906   5875.618   4.0 1 1 NeI
	       1043.07  5853.6605  5852.4878   4.0 1 1 NeI(3)
	       1449.08 4479.22268   4471.477   4.0 1 1 NeI(3)
	       1636.97 3884.10315   3888.646   4.0 1 1 NeI(1)
	function spline3
	order 1
	sample *
	naverage 1
	niterate 0
	low_reject 3.
	high_reject 3.
	grow 0.
	coefficients	8
		3.
		1.
		1.
		2102.
		2885.053911751968
		1628.22168647482
		280.5738703744583
		-194.5495176174524

# Tue 16:33:36 13-Oct-2020
begin	identify He_Ne_ThAr_bs[110,*]
	id	He_Ne_ThAr_bs
	task	identify
	image	He_Ne_ThAr_bs[110,*]
	units	Angstroms
	features	29
	        124.03 9221.71902   9224.498   4.0 1 1 AI(8)
	        151.07 9120.67883   9122.966   4.0 1 1 AI(1)
	        241.70 8781.99282   8780.622   4.0 1 1 NeI(27)
	        311.14 8522.72446   8521.441   4.0 1 1 AI(8)
	        378.92 8270.04152   8264.521   4.0 1 1 AI(8)
	        465.16 7949.44677   7948.175   4.0 1 1 AI(6)
	        548.91 7639.33257   7635.105   4.0 1 1 AI(1)
	        603.14  7439.3553   7438.899   4.0 1 1 NeI
	        618.35 7383.42826    7383.98   4.0 1 1 AI
	        647.20 7277.45261   7281.349   4.0 1 1 HeI
	        655.15 7248.31174   7245.167   4.0 1 1 NeI(3)
	        676.01 7171.89164   7173.939   4.0 1 1 NeI(6)
	        705.08 7065.63445   7065.188   4.0 1 1 HeI
	        714.79 7030.18737  7032.4127   4.0 1 1 NeI(1)
	        733.10 6963.44649    6965.43   4.0 1 1 AI(1)
	        741.88 6931.49276   6929.468   4.0 1 1 NeI(6)
	        834.18 6597.17236  6598.9529   4.0 1 1 NeI
	        860.11 6503.86428  6506.5279   4.0 1 1 NeI(6)
	        889.13 6399.75848   6402.246   4.0 1 1 NeI
	        908.10  6331.8692  6334.4279   4.0 1 1 NeI(3)
	        927.12 6263.98564   6266.495   4.0 1 1 NeI(1)
	        960.88 6143.90376  6143.0623   4.0 1 1 NeI(3)
	        973.93 6097.64812   6096.163   4.0 1 1 NeI(1)
	        981.14 6072.12754  6074.3377   4.0 1 1 NeI(5)
	       1016.90 5945.88313  5944.8342   4.0 1 1 NeI(1)
	       1036.21 5877.97528   5875.618   4.0 1 1 NeI
	       1043.15 5853.61413  5852.4878   4.0 1 1 NeI(3)
	       1449.01 4479.78692   4471.477   4.0 1 1 NeI(3)
	       1637.06 3883.71097   3888.646   4.0 1 1 NeI(1)
	function spline3
	order 1
	sample *
	naverage 1
	niterate 0
	low_reject 3.
	high_reject 3.
	grow 0.
	coefficients	8
		3.
		1.
		1.
		2102.
		2894.636968909217
		1625.81337842322
		283.1646879612142
		-206.4442958129399

# Tue 16:33:36 13-Oct-2020
begin	identify He_Ne_ThAr_bs[260,*]
	id	He_Ne_ThAr_bs
	task	identify
	image	He_Ne_ThAr_bs[260,*]
	units	Angstroms
	features	34
	        122.87 9221.57838   9224.498   4.0 1 1 AI(8)
	        149.84 9121.19892   9122.966   4.0 1 1 AI(1)
	        241.13 8781.18728   8780.622   4.0 1 1 NeI(27)
	        309.86 8525.21163   8521.441   4.0 1 1 AI(8)
	        378.95 8268.11104   8264.521   4.0 1 1 AI(8)
	        464.94 7948.83446   7948.175   4.0 1 1 AI(6)
	        548.93 7638.02242   7635.105   4.0 1 1 AI(1)
	        603.08 7438.40945   7438.899   4.0 1 1 NeI
	        618.12 7383.10918    7383.98   4.0 1 1 AI
	        646.62 7278.42341   7281.349   4.0 1 1 HeI
	        654.89 7248.08982   7245.167   4.0 1 1 NeI(3)
	        675.22 7173.61273   7173.939   4.0 1 1 NeI(6)
	        704.97 7064.84494   7065.188   4.0 1 1 HeI
	        714.19 7031.19682  7032.4127   4.0 1 1 NeI(1)
	        731.90 6966.62568    6965.43   4.0 1 1 AI(1)
	        741.97 6929.92247   6929.468   4.0 1 1 NeI(6)
	        801.10 6715.33461  6717.0428   4.0 1 1 NeI
	        834.08 6596.17682  6598.9529   4.0 1 1 NeI(6)
	        852.18 6530.99459  6532.8824   4.0 1 1 NeI
	        858.91 6506.77747  6506.5279   4.0 1 1 NeI(3)
	        887.89 6402.73114   6402.246   4.0 1 1 NeI(1)
	        894.21   6380.098  6382.9914   4.0 1 1 NeI(3)
	        906.89 6334.71294  6334.4279   4.0 1 1 NeI(1)
	        925.91  6266.7827   6266.495   4.0 1 1 NeI(5)
	        961.12 6141.47874  6143.0623   4.0 1 1 NeI(1)
	        973.91 6096.09592   6096.163   4.0 1 1 NeI
	        979.94 6074.73135  6074.3377   4.0 1 1 NeI(3)
	        993.12 6028.10941  6029.9971   4.0 1 1 NeI(3)
	       1017.08 5943.54109  5944.8342   4.0 1 1 NeI(1)
	       1035.80  5877.6932   5875.618   4.0 1 1 HeI
	       1042.98 5852.48751  5852.4878   4.0 1 1 NeI(6)
	       1285.03 5020.29241   5015.675   4.0 1 1 HeI
	       1450.03  4475.7353   4471.477   4.0 1 1 HeI
	       1637.09 3884.87327   3888.646   4.0 1 1 HeI
	function spline3
	order 1
	sample *
	naverage 1
	niterate 0
	low_reject 3.
	high_reject 3.
	grow 0.
	coefficients	8
		3.
		1.
		1.
		2102.
		2873.223755501621
		1631.102073197476
		276.7194123596208
		-172.1805009237611

# Tue 16:33:36 13-Oct-2020
begin	identify He_Ne_ThAr_bs[270,*]
	id	He_Ne_ThAr_bs
	task	identify
	image	He_Ne_ThAr_bs[270,*]
	units	Angstroms
	features	33
	        122.87 9221.49377   9224.498   4.0 1 1 AI(8)
	        149.82 9121.17947   9122.966   4.0 1 1 AI(1)
	        241.16 8781.05037   8780.622   4.0 1 1 NeI(27)
	        309.85 8525.24573   8521.441   4.0 1 1 AI(8)
	        378.91 8268.32107   8264.521   4.0 1 1 AI(8)
	        465.01 7948.66089   7948.175   4.0 1 1 AI(6)
	        548.86  7638.4153   7635.105   4.0 1 1 AI(1)
	        603.08 7438.54486   7438.899   4.0 1 1 NeI
	        618.15 7383.14612    7383.98   4.0 1 1 AI
	        646.64 7278.50205   7281.349   4.0 1 1 HeI
	        654.89  7248.2592   7245.167   4.0 1 1 NeI(3)
	        675.23  7173.7565   7173.939   4.0 1 1 NeI(6)
	        705.05 7064.72961   7065.188   4.0 1 1 HeI
	        714.22 7031.25675  7032.4127   4.0 1 1 NeI(1)
	        731.91 6966.74051    6965.43   4.0 1 1 AI(1)
	        741.96  6930.1541   6929.468   4.0 1 1 NeI(6)
	        801.10 6715.50629  6717.0428   4.0 1 1 NeI
	        834.12 6596.24734  6598.9529   4.0 1 1 NeI(6)
	        852.20  6531.1082  6532.8824   4.0 1 1 NeI
	        859.77 6503.85989  6506.5279   4.0 1 1 NeI(3)
	        887.89 6402.92943   6402.246   4.0 1 1 NeI(1)
	        894.21 6380.28691  6382.9914   4.0 1 1 NeI(3)
	        906.90 6334.88273  6334.4279   4.0 1 1 NeI(1)
	        925.91 6266.97018   6266.495   4.0 1 1 NeI(5)
	        961.14 6141.60326  6143.0623   4.0 1 1 NeI(1)
	        980.02 6074.65164  6074.3377   4.0 1 1 NeI
	        993.08 6028.43753  6029.9971   4.0 1 1 NeI(3)
	       1017.14 5943.54382  5944.8342   4.0 1 1 NeI(3)
	       1035.83 5877.77042   5875.618   4.0 1 1 NeI(1)
	       1043.07  5852.3472  5852.4878   4.0 1 1 HeI
	       1284.94 5020.67699   5015.675   4.0 1 1 NeI(6)
	       1449.93 4475.94269   4471.477   4.0 1 1 HeI
	       1637.05 3884.64129   3888.646   4.0 1 1 HeI
	function spline3
	order 1
	sample *
	naverage 1
	niterate 0
	low_reject 3.
	high_reject 3.
	grow 0.
	coefficients	8
		3.
		1.
		1.
		2102.
		2873.071417925423
		1631.041329356555
		276.9507935328581
		-174.5292165145036

# Tue 16:33:37 13-Oct-2020
begin	identify He_Ne_ThAr_bs[280,*]
	id	He_Ne_ThAr_bs
	task	identify
	image	He_Ne_ThAr_bs[280,*]
	units	Angstroms
	features	30
	        122.88 9221.83205   9224.498   4.0 1 1 AI(8)
	        149.84 9121.30352   9122.966   4.0 1 1 AI(1)
	        241.14 8780.80523   8780.622   4.0 1 1 NeI(27)
	        309.85  8524.6677   8521.441   4.0 1 1 AI(8)
	        378.94 8267.49537   8264.521   4.0 1 1 AI(8)
	        463.96 7951.79861   7948.175   4.0 1 1 AI(6)
	        548.90 7637.59945   7635.105   4.0 1 1 AI(1)
	        603.08 7437.99946   7438.899   4.0 1 1 NeI
	        618.14 7382.63528    7383.98   4.0 1 1 AI
	        646.61 7278.14371   7281.349   4.0 1 1 HeI
	        654.90 7247.77482   7245.167   4.0 1 1 NeI(3)
	        675.21 7173.41715   7173.939   4.0 1 1 NeI(6)
	        705.03 7064.46371   7065.188   4.0 1 1 HeI
	        714.20 7030.99813  7032.4127   4.0 1 1 NeI(1)
	        741.93 6930.02625   6929.468   4.0 1 1 AI(1)
	        801.12 6715.33952  6717.0428   4.0 1 1 NeI(6)
	        834.12  6596.2136  6598.9529   4.0 1 1 NeI
	        852.21 6531.11065  6532.8824   4.0 1 1 NeI(6)
	        887.90 6403.01328   6402.246   4.0 1 1 NeI
	        894.20 6380.43273  6382.9914   4.0 1 1 NeI(3)
	        906.90 6335.00873  6334.4279   4.0 1 1 NeI(1)
	        925.91 6267.16344   6266.495   4.0 1 1 NeI(3)
	        961.13 6141.89135  6143.0623   4.0 1 1 NeI(1)
	        979.98 6075.06259  6074.3377   4.0 1 1 NeI(5)
	        993.09 6028.71892  6029.9971   4.0 1 1 NeI(1)
	       1017.11 5943.95041  5944.8342   4.0 1 1 NeI
	       1035.82 5878.17643   5875.618   4.0 1 1 NeI(3)
	       1042.93 5853.21155  5852.4878   4.0 1 1 NeI(3)
	       1448.81 4478.50357   4471.477   4.0 1 1 NeI(1)
	       1636.00   3884.472   3888.646   4.0 1 1 HeI
	function spline3
	order 1
	sample *
	naverage 1
	niterate 0
	low_reject 3.
	high_reject 3.
	grow 0.
	coefficients	8
		3.
		1.
		1.
		2102.
		2886.982345606408
		1626.603082308399
		282.3811114809474
		-208.3994070871347

# Tue 16:33:37 13-Oct-2020
begin	identify He_Ne_ThAr_bs[290,*]
	id	He_Ne_ThAr_bs
	task	identify
	image	He_Ne_ThAr_bs[290,*]
	units	Angstroms
	features	30
	        122.86 9221.74357   9224.498   4.0 1 1 AI(8)
	        149.82 9121.37446   9122.966   4.0 1 1 AI(1)
	        241.18 8781.01964   8780.622   4.0 1 1 NeI(27)
	        309.85  8525.2732   8521.441   4.0 1 1 AI(8)
	        379.02  8267.9272   8264.521   4.0 1 1 AI(8)
	        464.98 7948.80958   7948.175   4.0 1 1 AI(6)
	        548.98 7638.09473   7635.105   4.0 1 1 AI(1)
	        603.07 7438.77075   7438.899   4.0 1 1 NeI
	        618.11 7383.47926    7383.98   4.0 1 1 AI
	        646.63 7278.79466   7281.349   4.0 1 1 HeI
	        656.01 7244.40984   7245.167   4.0 1 1 NeI(3)
	        675.22 7174.03291   7173.939   4.0 1 1 NeI(6)
	        705.04 7065.06382   7065.188   4.0 1 1 HeI
	        714.19 7031.65284  7032.4127   4.0 1 1 NeI(1)
	        741.89 6930.74934   6929.468   4.0 1 1 AI(1)
	        801.11 6715.85748  6717.0428   4.0 1 1 NeI(6)
	        834.12  6596.6415  6598.9529   4.0 1 1 NeI
	        852.21 6531.47114  6532.8824   4.0 1 1 NeI(6)
	        887.89 6403.35588   6402.246   4.0 1 1 NeI
	        894.19 6380.78617  6382.9914   4.0 1 1 NeI(3)
	        907.70 6332.44136  6334.4279   4.0 1 1 NeI(1)
	        925.89  6267.4906   6266.495   4.0 1 1 NeI(3)
	        961.06 6142.31284  6143.0623   4.0 1 1 NeI(1)
	        980.04 6075.00693  6074.3377   4.0 1 1 NeI(5)
	        993.12 6028.71814  6029.9971   4.0 1 1 NeI(1)
	       1017.11 5944.06684  5944.8342   4.0 1 1 NeI
	       1035.82 5878.20054   5875.618   4.0 1 1 NeI(3)
	       1043.08 5852.70535  5852.4878   4.0 1 1 NeI(3)
	       1448.83  4478.3822   4471.477   4.0 1 1 NeI(1)
	       1636.14 3884.59642   3888.646   4.0 1 1 HeI
	function spline3
	order 1
	sample *
	naverage 1
	niterate 0
	low_reject 3.
	high_reject 3.
	grow 0.
	coefficients	8
		3.
		1.
		1.
		2102.
		2878.481739496857
		1629.188018794461
		279.5674232638253
		-194.4457110038112

